41706
24241
66942
82590
19131
47285
11231
1203
4589
21238
16926
42755
97557
37225
48469
77645
89860
82627
38209
34384
41531
21919
77334
30454
97440
99857
70316
39098
42123
98602
59443
5104
37134
44112
38687
91775
20624
96352
66408
12147
22255
88376
55525
70460
54836
83314
26359
82653
50691
87718
14694
83834
3004
17794
21604
14780
17704
7916
30401
87041
97410
84331
19474
61649
62362
71160
71372
34711
83316
30363
73099
17537
21291
46687
42996
16155
28971
35711
38502
43815
39947
76863
96846
73830
7210
19812
28063
52759
65779
71699
77456
7285
73349
31281
35145
10373
72397
61788
55223
14873
